99 170
241 314
361 528
587 655
711 860
905 1084
1287 1340
1382 1444
1479 1557
1606 1658
1721 1787
1839 1899
1958 2149
2183 2388
2457 2512
2596 2661
2706 2768
2938 2999
3053 3237
3661 3934
4010 4045
4108 4278
4431 4505
4693 4854
4907 4974
5031 5091
5152 5221
5532 5577
5613 5941
6229 6277
6416 6556
6592 6907
6951 6994
7036 7262
7457 7602
8080 9074
9348 9394
9565 9620
9741 9779
9808 10194
10739 10885
10929 11156
11866 12079
12128 12519
12565 12613
12879 13288
13425 13469
13569 13633
13667 13745
13789 13849
13902 14074
14134 14200
14266 14797
15490 15726
16102 16416
16939 16990
17131 17181
17324 17408
17509 17584
17670 17736
17818 