49 135
216 266
319 385
459 529
605 670
765 817
914 964
1032 1134
1180 1252
1338 1402
1505 1546
1625 1674
1740 1822
2094 2150
2218 2301
2381 2439
2500 2616
2654 2737
2806 2848
2937 2996
3078 3132
3201 3269
3337 3408
3474 3538
3622 3657
3728 3791
4043 4108
4170 4239
4308 4369
4430 4492
4563 4620
4685 4749
4814 4870
4945 5017
5079 5268
5336 5396
5469 5535
5610 5661
5745 5796
5875 5915
5994 6051
6115 6162
6229 6294
6352 6432
6531 6585
6642 6714
6776 6826
6891 6953
7135 7189
7376 7440
7726 7787
7923 7984
8048 8090
8165 8203
8274 8333
8401 8455
8522 8588
8653 8715
8779 8851
8910 8977
9038 9106
9147 9329
9384 9448
9524 9585
9644 9688
9742 9814
9857 9920
9976 