135 197
266 319
385 459
529 598
670 765
817 914
964 1030
1133 1180
1253 1322
1402 1474
1546 1625
1674 1740
1822 2094
2150 2218
2301 2381
2439 2500
2616 2654
2737 2806
2847 2954
2996 3078
3134 3201
3270 3337
3408 3474
3540 3622
3657 3728
3791 4043
4108 4170
4238 4309
4369 4430
4494 4564
4615 4685
4749 4814
4889 4945
5018 5077
5268 5335
5396 5469
5535 5603
5661 5745
5796 5875
5915 5988
6051 6115
6162 6229
6294 6352
6432 6531
6585 6642
6714 6776
6826 6890
6953 7135
7191 7376
7441 7726
7787 7923
7982 8048
8088 8165
8203 8276
8333 8401
8455 8522
8588 8654
8715 8779
8851 8910
8977 9037
9106 9147
9239 9274
9329 9386
9448 9524
9587 9644
9688 9742
9814 9857
9919 9976
