170 241
314 361
528 587
653 711
860 905
1084 1287
1338 1382
1444 1479
1557 1611
1658 1725
1787 1958
2015 2075
2150 2183
2388 2457
2512 2596
2661 2706
2768 2938
2999 3053
3237 3661
3746 3779
3934 4108
4282 4431
4505 4693
4854 4907
4965 5031
5091 5152
5218 5531
5940 6229
6277 6416
6556 6592
6907 6951
6994 7036
7171 7457
7602 8080
8300 8337
9074 9348
9394 9565
9620 9741
9779 9944
10021 10739
10885 11866
12079 12128
12519 12565
12613 12879
13288 13425
13469 13569
13633 13668
13745 13789
13848 13902
14074 14143
14200 14759
14797 15490
15727 16102
16416 16939
16990 17131
17181 17325
17408 17508
17584 17672
17736 17816
