144 188
242 314
357 420
476 633
800 960
1017 1075
1137 1185
1350 1400
1467 1500
1569 1624
1869 1942
2102 2165
2344 2422
2479 2534
2598 2660
2855 2926
2990 3035
3194 3273
3323 3365
3415 3481
3547 3603
3670 3744
3811 3882
3942 4016
4099 4161
4231 4293
4367 4444
4631 4695
4750 4821
4892 4959
5036 5093
5151 5229
5427 5612
5675 5747
5806 5860
5954 5994
6066 6109
6178 6237
6289 6363
6421 6487
6554 6599
6662 6718
6790 6845
6921 6995
7063 7117
7215 7251
7349 7401
7462 7516
7569 7791
7985 8173
8214 8282
8347 8410
8481 8538
8629 8701
8760 8829
8912 8983
9036 9123
9194 9252
9350 9409
9574 9636
9702 9760
9821 9879
10044 10101
10154 10316
10374 10439
10524 10560
10653 10679
10757 10918
10968 11037
11096 11156
11198 11364
11416 11488
11544 11588
11656 11697
11964 11992
12161 12613
12648 12701
12851 12933
12992 13041
13227 13271
13739 14127
14190 14253
14415 14475
14641 14707
14751 15041
15234 15509
15567 15736
15812 15997
16042 16324
16387 16441
16628 16699
16774 16842
16931 