557 634
705 767
1217 1288
1366 1755
1849 2111
2246 2302
2374 2460
2532 2654
2944 3185
3210 3290
3459 3681
3731 3786
3999 4343
4489 4559
4639 5016
5166 5229
5335 5388
5488 5746
5892 5953
6287 6386
6465 6530
6768 6863
7097 7308
7623 7945
8447 8500
8556 8612
9205 9326
9393 9462
9675 9765
10290 10390
10396 10826
10902 10980
11263 11677
11766 11825
12150 12206
12430 12671
12763 12826
12896 12982
13074 13121
13187 13255
13469 13551
13768 13829
13857 13903
14009 14147
14256 14463
14832 14937
15018 15088
15491 15587
16137 16512
16605 16836
16923 17003
17062 17133
17207 17268
17500 17605
17685 