104 157
199 250
303 354
387 429
486 529
574 615
669 713
741 759
810 853
901 940
973 1022
1072 1103
1132 1157
1211 1248
1290 1340
1402 1445
1487 1544
1586 1630
1676 1701
1741 1759
1803 1853
1895 1910
1949 1993
2039 2079
2133 2175
2227 2255
2312 2358
2401 2447
2496 2504
2553 2599
2632 2684
2786 2835
2866 2916
2964 3002
3036 3090
3145 3180
3227 3259
3282 3327
3380 3405
3460 3502
3518 3561
3609 3641
3697 3734
3862 3916
3974 4023
4071 4114
4156 4194
4255 4312
4343 4423
4460 4502
4524 4553
4607 4651
4700 4742
4793 4848
4894 4943
5000 5053
5098 5135
5180 5236
5272 5324
5357 5415
5454 5502
5544 5579
5623 5668
5720 5765
5832 5870
5927 5965
6012 6053
6187 6233
6278 6303
6335 6350
6403 6449
6487 6511
6563 6601
6629 6679
6738 6772
6812 6857
6893 6945
7008 7048
7097 7120
7171 7212
7244 7293
7321 7387
7434 7481
7534 7582
7639 7721
7801 7888
7962 8059
8141 