67 167
244 304
375 457
512 582
747 815
859 1044
1107 1170
1222 1295
1322 1398
1454 1509
1578 1646
1702 1760
1825 1899
1954 2034
2088 2143
2204 2279
2342 2412
2470 2528
2597 2656
2717 2782
2859 3035
3091 3164
3219 3274
3347 3405
3477 3658
3716 3799
3834 3929
3954 4027
4198 4271
4324 4391
4457 4511
4564 4643
4682 4734
4812 4883
4938 5026
5062 5141
5209 5279
5338 5401
5466 5526
5592 5652
5719 5821
5851 5932
6136 6179
6251 6427
6508 6567
6630 6699
6753 6944
7004 7091
7139 7204
7257 7577
7636 7694
7757 7831
7890 7951
8005 8207
8269 8334
8388 8450
8501 8604
8636 8704
8759 8833
8891 8951
9006 9076
9155 9201
9279 9316
9374 9425
9486 9683
9716 9903
9978 10042
10105 10168
10210 10281
10346 10401
10503 10532
10604 10671
10721 10797
10826 10894
10954 11028
11108 11181
11234 11303
11373 11547
11631 11703
11770 11873
11949 12035
12142 12220
12310 12390
12477 12557
12630 12698
12789 12857
12938 12997
13073 13143
13232 13282
13351 13415
13490 13556
13626 13694
13763 13834
13915 13974
14043 14110
14164 14247
14313 14389
14447 14521
14599 14670
14741 14814
14861 