73 175
254 310
393 464
629 706
754 820
834 843
871 878
893 951
963 982
1043 1080
1137 1214
1288 1359
1427 1501
1564 1587
1778 1831
1869 1950
2166 2216
2296 2337
2635 2694
2746 3017
3067 3203
3473 3516
3573 3658
3747 3850
3910 3965
4109 4443
4796 4853
4906 4951
5110 5151
5224 5328
5366 5528
5590 5644
5757 6042
6085 6141
6370 6419
6475 6550
6872 6953
7188 7250
7315 7388
7430 7500
7710 7770
7839 7901
8217 8276
8327 8401
8454 8660
8721 8791
9088 9144
9262 9299
9578 9926
10196 10254
10308 10370
10721 10759
11144 11233
11265 11330
11400 11444
11715 12119
12157 12482
12805 12847
13074 13139
13187 13250
13412 13483
13564 13631
13704 13779
13856 13941
13978 14051
14418 14466
14529 14595
14852 14910
15025 15125
15181 15431
15504 15595
15671 15713
15789 16047
16153 16219
16276 16360
16418 16499
16756 16844
16923 17008
17249 17300
17388 17456
17542 17759
17821 17888
17956 18022
18101 18287
18358 18663
18737 18906
18959 19041
19110 19246
19324 19428
19473 19535
19724 19795
19896 19971
20070 