16 110
198 261
358 437
520 576
642 739
777 1246
1285 1391
1437 1505
1552 1619
1684 1973
2101 2517
2570 3141
3200 3236
3323 3823
3956 4128
4151 4256
4307 4381
4444 4523
4601 4678
4761 4962
5026 5202
5256 5285
5361 5562
5589 5657
5704 5762
5823 6014
6070 6104
6179 6380
6445 6536
6571 6762
6852 6925
6986 7052
7133 7217
7312 7414
7445 7589
7611 7722
7790 7843
7887 7960
8010 8223
8285 8349
8407 8484
8555 8608
8673 8744
8799 8882
8941 9018
9126 9198
9243 9297
9347 9405
9492 9579
9914 9992
10048 10112
10212 10313
10402 10448
10497 10564
10624 10707
10800 10868
10941 11020
11112 11207
11286 11413
11465 11486
11537 11543
11775 11873
11926 12269
12314 12402
12469 12530
12675 12771
12828 12898
12974 13046
13094 13176
13315 13425
13471 13560
13609 13619
13686 13728
13807 13907
13991 14077
14166 14250
14330 14456
14529 14627
14774 14847
14956 15037
15147 15260
15347 15420
15501 15610
15706 15808
15867 15979
16043 16106
16219 16334
16429 16533
16658 16712
16798 16872
16946 17092
17196 17268
17352 17417
17546 17629
