87 144
188 242
314 357
419 476
633 800
960 1017
1074 1121
1185 1350
1398 1469
1500 1569
1624 1869
1942 2102
2165 2344
2422 2478
2534 2598
2660 2855
2926 2990
3035 3194
3272 3323
3365 3453
3479 3547
3603 3670
3744 3811
3882 3942
4016 4099
4155 4231
4293 4367
4444 4631
4694 4750
4821 4892
4959 5036
5092 5151
5229 5427
5612 5686
5747 5806
5860 5953
5994 6067
6109 6178
6237 6289
6363 6421
6487 6554
6599 6662
6718 6788
6845 6919
6992 7063
7117 7214
7251 7350
7401 7462
7516 7569
7652 7704
7781 7985
8164 8214
8282 8347
8409 8481
8538 8629
8701 8760
8829 8912
8983 9036
9123 9193
9252 9350
9409 9575
9629 9704
9760 9820
9879 10044
10103 10153
10316 10374
10439 10524
10561 10653
10679 10757
10918 10968
11037 11098
11156 11198
11362 11416
11488 11544
11588 11656
11697 11967
11992 12161
12208 12648
12701 12851
12923 12997
13041 13739
14127 14190
14252 14415
14475 14631
14692 14751
14931 15013
15041 15234
15509 15567
15736 15818
15966 16042
16325 16387
16441 16636
16699 16774
16842 16931
