168 244
304 375
457 512
582 747
797 859
945 993
1043 1107
1170 1222
1295 1322
1398 1454
1509 1579
1646 1702
1760 1825
1901 1954
2034 2089
2159 2205
2279 2342
2412 2470
2528 2596
2656 2717
2782 2953
3035 3097
3164 3219
3274 3346
3405 3476
3658 3716
3800 3834
3929 3954
4027 4198
4271 4324
4391 4457
4512 4564
4643 4682
4734 4812
4883 4937
5026 5063
5141 5209
5279 5337
5401 5466
5526 5592
5652 5719
5821 5850
5932 6136
6179 6250
6427 6508
6567 6753
6945 7004
7090 7139
7204 7257
7579 7636
7705 7757
7835 7890
7951 8005
8207 8269
8332 8388
8450 8501
8604 8636
8704 8760
8833 8891
8951 9006
9076 9155
9201 9279
9316 9374
9425 9486
9683 9716
9807 9854
9903 9978
10042 10105
10168 10210
10281 10341
10401 10499
10532 10604
10673 10721
10797 10826
10894 10954
11028 11108
11181 11234
11289 11373
11547 11631
11704 11770
11870 11949
12035 12142
12220 12310
12390 12484
12557 12630
12699 12789
12857 12938
12998 13073
13143 13232
13282 13351
13420 13490
13556 13626
13693 13763
13834 13913
13974 14043
14103 14164
14247 14313
14389 14447
14521 14599
14670 14741
14814 14861
