133 557
634 705
861 1217
1288 1366
1755 2046
2302 2374
2460 2532
2654 2944
3185 3210
3297 3459
3681 3731
3787 3998
4343 4489
4559 4639
5016 5166
5229 5335
5389 5488
5746 5892
5962 6287
6386 6465
6530 6768
6863 7097
7308 7915
7945 8556
8612 9113
9157 9205
9326 9393
9462 9675
9765 10290
10390 10397
10826 10901
10980 11263
11676 11751
11825 12150
12206 12430
12671 12762
12826 12896
12982 13061
13121 13187
13255 13469
13551 13768
13829 13857
13903 14009
14147 14256
14463 14832
14937 15018
15088 15491
15587 16137
16510 16605
16836 16923
17002 17061
17133 17207
17268 17500
17607 17685
