220 280
360 425
508 583
670 733
792 875
949 1004
1083 1144
1220 1284
1351 1424
1491 1559
1649 1744
1811 1877
2024 2090
2132 2205
2267 2333
2407 2477
2547 2613
2680 2744
2815 2912
2991 3039
3130 3225
3309 3408
3487 3568
3640 3719
3806 3877
3992 4021
4147 4206
4267 4362
4418 4495
4610 4673
4753 4812
4903 5015
5096 5158
5250 5321
5396 5503
5560 5631
5724 5812
5908 6007
6132 6200
6312 6353
6403 6479
6539 6607
6677 6735
6806 6880
6933 7011
7063 7107
7176 7243
7331 7366
7436 7492
7545 7595
7664 7738
7781 7847
8055 8093
8186 8220
8290 8351
8474 8537
8603 8681
8738 8827
8888 9100
9171 9230
9410 9461
9517 9775
9829 9879
10148 10286
10385 10430
10540 10570
10662 10749
10785 10892
10961 11034
11110 