226 322
398 468
551 604
751 791
1180 1221
1450 1520
1623 1837
1938 1989
2132 2143
2413 2454
2528 2580
2657 2753
2963 3011
3101 3180
3229 3295
3409 3587
3693 3743
3830 3927
4167 4369
4466 4533
5265 5890
5988 6303
6524 6737
6860 6893
7394 7458
7541 7616
7685 7775
7854 7936
8184 8243
8321 8411
8537 8562
8615 8663
8766 8839
8931 9004
9233 9477
9599 9654
9916 9953
10041 10106
10305 10401
10483 10554
10611 10917
11325 11419
11589 11849
12409 12441
12522 12610
12641 12711
12785 12852
13082 13141
13217 13292
13368 13429
13501 13583
13684 13729
13809 13986
14036 14291
14435 14930
15274 15330
15425 15637
15755 15784
15999 16055
16608 16662
16737 16816
16927 17022
