98 165
234 303
371 440
490 598
750 789
851 1041
1218 1280
1340 1414
1510 1576
1657 1718
1912 1967
2037 2091
2160 2245
2538 2591
2931 2970
3111 3259
3296 3402
4157 4771
4818 4864
5179 5369
5577 5628
5680 5845
5924 6027
6116 6169
6234 6337
6412 6514
6606 6657
6716 6782
6833 6887
6945 7054
7181 7218
7283 7371
7415 7484
7606 7729
7898 7935
7982 8221
8274 8327
8367 8486
8739 8803
8865 8929
8987 9203
9264 9670
9719 9954
9999 10073
10319 10400
10720 10787
10867 10977
11150 11200
11324 11403
11475 11560
11625 11981
12038 12121
12188 12285
12337 