8 109
168 227
246 318
437 516
574 666
859 913
975 1063
1152 1223
1299 1358
1410 1469
1585 1661
1758 1982
2055 2120
2178 2274
2365 2438
2508 2566
2654 2907
2988 3154
3209 3289
3363 3430
3521 3585
3647 3719
3773 3847
3970 4170
4368 4419
4482 4556
4628 4695
4774 4840
4910 4973
5026 5119
5287 5346
5402 5486
5598 5640
5683 5735
5802 5876
5969 6020
6102 6156
6222 6373
6451 6510
6567 6657
6819 6865
6909 7014
7066 7146
7215 7290
7340 7421
7572 7668
7706 7985
8007 8076
8135 8394
8469 8530
8588 8844
8944 9010
9176 9240
9315 9379
9599 9655
9710 9796
9926 10007
10098 10270
10338 10413
10482 10556
10622 10687
10753 11084
11269 11332
11772 12465
12516 12935
12984 13241
13289 13488
13590 13850
13903 14058
14104 14154
14197 14398
14716 14744
14802 14865
14951 