150 382
424 484
552 640
700 1004
1092 1175
1248 1319
1409 1595
1657 1722
1802 1880
2068 2235
2284 2348
2430 2507
2591 2649
2762 2979
3027 3091
3158 3240
3326 3554
3637 3853
4166 4420
4478 4514
4564 4899
5107 5342
5425 5468
5633 5757
5914 5967
6033 6260
6319 6373
6457 6671
6718 6770
6840 6922
7122 7164
7209 7275
7355 7428
7491 7801
7871 7939
8005 8063
8260 8353
8405 8472
8536 8607
8709 8816
8880 8945
9027 9098
9148 9211
9324 9438
9493 9561
9628 9660
9726 9988
10032 10080
10424 10455
10527 10787
10837 11009
11050 11104
11173 11245
11306 11370
11461 11757
