129 217
271 343
436 536
571 629
702 768
830 899
984 1046
1243 1284
1331 1390
1472 1545
1630 1685
1761 1829
1909 1966
2045 2086
2371 2444
2512 2558
2644 2791
2846 2913
3013 3094
3178 3233
3308 3384
3461 3530
3604 3931
4623 4868
4909 4947
4999 5218
5360 5507
5926 5982
6054 6193
6348 6406
6479 6550
6672 6938
7010 7083
7161 7242
7311 7381
7464 7493
7683 7742
7809 7898
8206 8253
8345 8415
8709 8733
8889 9033
9086 9850
10213 10256
10775 10995
11054 11099
11159 11240
11334 11423
11483 11548
11610 11673
11735 11791
11905 12027
12072 12139
12211 12274
12333 12436
12525 12608
12667 12749
12806 