83 98
165 234
304 370
437 490
598 750
789 851
1081 1218
1280 1340
1416 1510
1575 1657
1718 1915
1967 2037
2091 2160
2245 2538
2591 2931
2970 3296
3402 4157
4771 4818
4864 5179
5369 5578
5631 5680
5847 5984
6027 6125
6169 6234
6337 6412
6514 6600
6657 6716
6783 6833
6887 6945
7054 7181
7218 7283
7371 7415
7484 7606
7729 7898
7935 7982
8221 8274
8327 8367
8486 8739
8803 8865
8929 8987
9203 9264
9670 9910
9954 9999
10073 10319
10400 10720
10787 10867
11100 11150
11200 11324
11403 11475
11552 11625
11981 12038
12126 12191
12285 12337
