198 209
322 398
467 751
791 1180
1221 1623
1837 1938
1989 2132
2143 2413
2454 2657
2753 2963
3011 3101
3180 3252
3303 3409
3587 3733
3743 3830
3927 4042
4102 4167
4351 4466
4533 4810
4856 5265
5332 5661
5890 5988
6303 6524
6566 6647
6737 6860
6893 7394
7458 7541
7616 7683
7775 7854
7936 8184
8243 8321
8411 8537
8562 8615
8663 8767
8839 8931
9004 9079
9146 9233
9325 9437
9477 9599
9654 9906
9953 10041
10106 10193
10217 10305
10401 10483
10550 10602
10916 11324
11419 11589
11846 12402
12441 12524
12610 12641
12711 12781
12851 12927
12985 13082
13141 13220
13292 13365
13428 13500
13583 13642
13729 13809
13986 14036
14079 14482
14930 15425
15511 15755
15784 16013
16055 16608
16662 16737
16816 16927
17022 