115 190
276 361
414 480
548 836
909 1080
1134 1192
1279 1353
1436 1488
1554 1605
1788 2081
2142 2322
2394 2451
2526 2600
2664 2733
2792 2882
2957 3021
3083 3173
3367 3521
3685 3768
3850 3938
4124 4184
4264 4338
4386 4662
4830 4877
4946 5010
5208 5273
5333 5413
5490 5541
5597 5887
6075 6135
6208 6284
6376 6426
6492 6561
6627 6687
6761 6823
6885 7124
7195 7372
7447 7516
7584 7641
7704 7771
7832 7896
7964 8027
8089 8137
8190 8455
8545 8604
8781 8833
9033 9103
9179 9248
9312 9410
9530 9563
9747 10616
10939 11088
11430 11483
11730 12348
12390 12539
12884 13158
13199 13328
13688 13741
13801 14074
14145 14201
14373 14640
14702 14763
14948 15011
15095 15176
15247 15315
15388 15446
15522 15592
