81 150
228 325
524 573
686 729
862 970
1032 1076
1220 1250
1345 1564
1600 1662
1721 1795
1887 1980
2025 2076
2160 2231
2317 2394
2454 2504
2552 2610
2682 2734
2773 2914
2982 3045
3228 3300
3370 3551
3620 3653
3701 3759
3805 3994
4038 4076
4095 4179
4185 4202
4546 4566
4639 4691
4761 4860
4932 5012
5052 5128
5210 5293
5363 5407
5472 5537
5626 5712
5780 5823
5876 5924
6006 6081
6168 6298
6320 6404
6516 6580
6624 7093
7282 7419
7466 7548
7902 7960
8015 8147
8221 8338
8390 8457
8522 8558
8642 8709
8880 8942
9145 9355
9402 9464
9653 9828
9876 9942
10158 10216
10289 10532
10715 10785
10858 10929
11108 11163
11233 11325
11408 11490
11563 11630
11814 11885
11914 11920
11929 11988
12344 12389
12640 12668
12822 12952
12958 12974
12993 13002
13020 13071
13081 13290
13479 13555
13617 13686
13895 13969
14032 14112
14159 14246
14305 14400
14505 14579
14663 14702
14784 14870
14957 15074
15149 15249
15274 15356
15423 15504
15556 15677
15747 15833
15899 15923
16000 16069
16149 16212
16312 16415
16497 16517
16619 16672
16734 16802
17068 17116
17196 17272
17323 17389
17451 17519
17628 17784
17890 17953
18007 18083
18205 18260
18342 18386
18497 18576
18679 18745
18804 18868
18890 18961
19022 19094
19152 19212
19267 19351
19488 19580
19735 19823
19881 19950
20014 20164
20190 20314
20389 20466
20546 20641
20733 20830
20897 20958
21176 21337
21415 21478
21536 21722
21754 21823
21855 21925
21984 22128
22180 22262
22333 22426
22463 22545
22586 22666
22727 22799
22870 22966
23082 