77 161
243 325
383 434
513 596
670 722
796 852
925 984
1055 1133
1209 1316
1398 1476
1525 1563
1632 1706
1783 1854
1957 2047
2226 2329
2387 2459
2514 2574
2618 2685
2798 2844
2943 3047
3103 3161
3243 3263
3325 3412
3510 3556
3629 3729
3809 3868
4018 4098
4182 4286
4349 4426
4744 4807
4895 4959
5060 5132
5203 5285
5332 5401
5474 5599
5692 5769
5837 5894
5998 6019
6083 6249
6317 6344
6417 6578
6710 6841
6920 6973
7048 7087
7150 7194
7369 7375
7456 7522
7564 7633
7755 7799
7957 8016
8446 8489
8540 8595
8662 8722
8856 9034
9114 9136
9196 9220
9277 9315
9539 9579
9635 9670
9720 9765
9888 9935
10146 10186
10232 10267
10648 10695
10739 10783
10902 10952
11000 11064
11126 11158
11385 11435
11731 11808
11877 11903
11954 12017
12222 12268
12324 12446
12541 12590
12643 12787
12837 12898
12969 13035
13177 13450
13501 13571
13643 13704
13772 13832
13879 13933
13983 14046
14136 14185
14231 14319
14533 14594
14685 14767
14872 15008
15035 15112
15235 