81 151
215 280
355 422
492 566
641 716
771 889
940 1017
1082 1166
1238 1307
1373 1457
1531 1594
1665 1736
1807 1907
1962 2040
2103 2177
2246 2294
2343 2368
2599 2648
2701 2745
2955 2993
3035 3099
3119 3445
3770 3837
4000 4035
4140 4614
4679 4824
4938 5013
5053 5129
5189 5277
5343 5427
5477 5547
5608 5706
5781 5877
5952 6045
6101 6154
6234 6313
6470 6576
6637 6713
6778 6860
6924 6999
7070 7202
7299 7372
7455 7513
7630 7686
7790 7870
7941 8012
8071 8114
8139 8209
8279 8362
8465 8493
8690 8726
8805 8874
8916 9202
9259 9445
9488 9520
9584 9640
9726 9821
9972 10043
10106 10200
10263 10347
10437 10512
10580 10645
10722 10863
10917 10997
11065 11142
11209 11278
11403 11451
11556 11632
11745 11938
12018 12219
12291 12361
12437 12622
12713 12779
12863 12965
