133 251
328 403
444 483
559 632
686 742
786 854
929 1000
1050 1095
1145 1178
1188 1207
1289 1364
1433 1505
1584 1628
1683 1727
1870 1956
2016 2070
2132 2206
2288 2360
2519 2584
2678 2742
2794 2870
2907 3074
3166 3210
3339 3376
3622 3671
3726 3774
3831 3867
4512 4566
4647 4743
4838 4922
4954 5093
5142 5382
5614 5691
5730 5823
5876 5937
6007 6075
6137 6218
6254 6320
6566 6597
6662 6713
6775 6846
6929 7001
7511 7582
7666 7724
7803 7882
7932 7988
8489 8577
8669 8715
8830 8895
9351 9428
9505 9576
9702 9818
