138 238
325 385
454 533
599 688
762 836
904 962
1029 1093
1181 1275
1336 1414
1466 1527
1578 1653
1732 1823
1897 1953
2025 2079
2167 2263
2344 2413
2495 2555
2641 2693
2706 2723
2816 2899
2980 3016
3075 3133
3234 3305
3370 3415
3460 3496
3564 3637
3778 3876
3940 4033
4083 4140
4229 4305
4378 4425
4498 4559
4660 4733
4816 4885
5058 5151
5229 5282
5331 5398
5497 5561
5628 5693
5752 5790
5840 5915
6005 6084
6185 6251
6449 6546
6625 6678
6734 6803
6872 6961
7127 7251
7283 7363
7418 7484
7566 7677
7801 7892
7932 8009
8116 8189
8269 8349
8412 8493
8559 8643
8764 8864
8930 9000
9076 9158
9209 9296
9400 9466
9518 9587
9667 9751
9833 10064
10134 10194
10250 10308
10351 10396
10478 10553
10692 10737
10789 11019
11070 11122
11188 11263
11300 11394
11552 11620
11669 11696
11738 11792
11858 11986
12030 12060
12227 12259
12327 12378
12632 12659
12718 12773
12823 12853
12990 13051
13160 13208
13305 13376
13422 13490
13540 13617
13660 13703
13754 13805
13873 13933
13998 14021
14093 14135
14210 14245
14307 14348
14407 14487
14567 14607
14674 14732
14822 14904
14954 15047
15092 15166
15342 15418
15645 15813
15851 15899
16570 16606
16670 16698
16861 16947
17373 17445
17544 17604
17825 17880
17920 17952
17994 18068
18119 18174
18231 18257
18305 18350
18426 18512
18590 18652
18697 18802
18881 18919
18983 19208
19262 19349
19398 19712
19737 19810
19875 19922
20136 20154
20237 20281
20338 20372
20444 20579
20623 20711
20776 20852
20933 20982
21032 21209
21262 21313
21374 21610
21678 21721
21787 21848
21939 21965
22042 22109
22190 22266
22376 22442
22517 22594
