151 215
280 355
422 491
566 641
713 771
889 940
1017 1082
1166 1239
1301 1373
1457 1531
1594 1664
1736 1807
1907 1962
2040 2103
2175 2238
2294 2343
2366 2599
2648 2701
2745 2949
2993 3035
3099 3119
3349 3392
3445 3774
3837 3992
4034 4144
4614 4679
4824 4938
5000 5053
5128 5189
5277 5341
5427 5477
5547 5608
5704 5779
5877 5953
6034 6101
6154 6234
6313 6470
6576 6637
6713 6780
6860 6924
6999 7070
7202 7299
7372 7455
7513 7630
7686 7795
7870 7941
8011 8139
8209 8279
8362 8465
8493 8603
8726 8805
8861 8916
9202 9259
9445 9583
9638 9727
9821 9972
10043 10106
10200 10263
10348 10437
10511 10580
10645 10726
10858 10917
10997 11066
11142 11209
11278 11403
11451 11556
11632 11745
11938 12018
12219 12291
12361 12437
12622 12713
12779 12863
12965 