134 211
306 375
995 1070
1169 1175
1675 1759
1804 1884
2545 2607
2696 2759
3088 3166
3230 3305
3835 3902
3952 4006
4093 4176
4679 4767
4843 4930
4995 5184
5226 5272
5564 5588
5654 5720
5800 5877
5939 6012
6089 6170
6654 6713
6759 6881
6979 7288
7469 7537
7568 7652
7725 7806
7904 8259
8447 8505
8581 8650
8742 8764
8857 9451
9523 10012
10081 10173
10259 10533
10604 10730
10800 10885
10960 11050
11369 11428
11496 11896
11947 12007
12068 12148
12212 12291
12562 12579
12634 12701
12762 12833
12911 12996
13072 13142
13213 13280
13357 13467
13540 