9 77
161 243
325 383
434 512
596 670
722 792
848 925
984 1055
1137 1209
1312 1398
1477 1525
1563 1632
1706 1783
1846 1955
2047 2226
2300 2387
2461 2517
2572 2618
2685 2798
2846 2946
3047 3103
3160 3243
3263 3325
3413 3529
3556 3629
3729 3809
3868 4017
4098 4182
4286 4349
4426 4744
4807 4895
4959 5060
5132 5203
5249 5332
5405 5474
5599 5692
5769 5837
5896 5999
6015 6083
6249 6317
6344 6417
6578 6710
6841 6920
6973 7053
7087 7150
7194 7369
7375 7456
7520 7564
7633 7755
7799 7957
8010 8446
8489 8548
8595 8662
8722 8856
8939 8987
9034 9114
9136 9196
9220 9277
9315 9539
9579 9635
9670 9888
9935 10146
10182 10232
10267 10648
10695 10739
10783 10902
10952 11123
11158 11214
11276 11385
11427 11731
11809 11877
11903 11959
12017 12222
12268 12324
12447 12541
12590 12643
12787 12837
12904 12969
13023 13177
13450 13501
13571 13635
13704 13772
13832 13881
13933 13983
14040 14136
14184 14231
14319 14452
14473 14533
14594 14685
14767 14872
15007 15035
15111 15235
