229 325
385 454
530 599
689 762
836 904
962 1029
1093 1181
1275 1336
1410 1466
1527 1578
1655 1732
1823 1897
1949 2025
2079 2167
2263 2344
2413 2495
2555 2642
2693 2816
2900 2980
3016 3075
3133 3234
3303 3370
3415 3459
3496 3564
3639 3778
3876 3940
4033 4083
4140 4229
4305 4372
4425 4501
4560 4660
4732 4816
4885 5058
5151 5229
5282 5331
5398 5497
5561 5628
5693 5752
5790 5840
5915 6005
6083 6185
6251 6446
6547 6625
6678 6734
6801 6872
6961 7127
7251 7283
7362 7421
7484 7568
7677 7802
7892 7932
8012 8116
8189 8269
8348 8412
8493 8559
8643 8764
8863 8930
9000 9076
9152 9209
9296 9400
9466 9518
9587 9667
9751 9833
10064 10136
10194 10250
10308 10351
10396 10478
10551 10692
10737 10788
11019 11069
11122 11188
11263 11300
11394 11445
11495 11552
11619 11669
11696 11738
11792 11858
11985 12030
12060 12227
12259 12327
12378 12632
12659 12718
12773 12823
12853 12928
12937 12990
13051 13160
13208 13305
13376 13425
13483 13540
13617 13661
13703 13754
13805 13877
13921 13991
14021 14093
14135 14210
14242 14304
14346 14407
14487 14567
14607 14676
14732 14822
14904 14956
15045 15089
15165 15342
15418 15645
15899 16570
16606 16670
16695 16861
16947 17373
17445 17544
17603 17825
17880 17920
17952 17994
18058 18119
18174 18231
18257 18304
18350 18426
18512 18590
18652 18697
18803 18881
18919 18983
19208 19262
19349 19398
19712 19750
19810 19875
19922 20136
20154 20237
20281 20338
20371 20444
20509 20623
20711 20776
20852 20933
20982 21032
21209 21262
21313 21374
21424 21550
21610 21679
21721 21787
21848 21939
21965 22043
22108 22190
22275 22376
22442 22517
22594 