123 184
266 367
437 546
649 739
750 768
912 1014
1087 1137
1216 1297
1376 1454
1574 1655
1724 1791
1895 1993
2042 2115
2205 2363
2425 2474
2523 2595
2652 2732
2791 2859
2941 3039
3171 3293
3363 3454
3525 3644
3687 3788
3939 4030
4106 4221
4325 4352
4422 4496
4564 4593
4653 4697
4734 4797
4885 5040
5156 5258
5338 5448
5517 5575
5652 5692
5759 5822
5850 5938
6032 6180
6288 6316
6391 6461
6580 6655
6731 6943
7175 7281
7339 7385
7436 7540
7649 7731
7840 7913
7991 8060
8131 8194
8253 8332
8423 8511
8671 8754
8816 8924
9072 9103
9142 9168
9226 9281
9319 9406
9495 9589
9730 9750
9820 9884
9967 10047
10131 