150 228
325 524
593 862
970 1127
1250 1345
1564 1600
1671 1725
1807 1887
1980 2025
2076 2160
2233 2317
2394 2454
2504 2552
2612 2682
2734 2773
2914 2982
3045 3228
3286 3370
3551 3620
3652 3704
3760 3805
3994 4038
4068 4127
4136 4192
4198 4221
4235 4549
4555 4639
4691 4761
4860 4932
5013 5052
5127 5210
5293 5363
5407 5472
5537 5626
5712 5780
5823 5876
5924 6006
6081 6168
6298 6313
6404 6516
6580 6623
7093 7282
7419 7466
7548 7618
7878 7891
7961 8015
8149 8221
8338 8389
8457 8522
8558 8793
8820 8891
8942 9145
9264 9286
9355 9402
9465 9653
9828 9877
9940 10158
10216 10293
10532 10715
10785 10858
10932 11108
11163 11233
11326 11408
11482 11563
11630 11814
11885 11914
11920 11941
11976 12344
12387 12638
12683 12708
12776 12800
12940 13016
13069 13079
13291 13479
13555 13619
13684 13898
13969 14035
14112 14159
14246 14305
14401 14513
14579 14663
14701 14784
14870 14958
15074 15149
15249 15274
15356 15423
15504 15576
15675 15747
15833 15899
15923 16000
16069 16149
16212 16312
16440 16619
16672 16734
16802 17060
17116 17197
17272 17323
17389 17451
17523 17628
17784 17890
17953 18007
18083 18205
18260 18341
18386 18497
18576 18664
18746 18804
18868 18890
18961 19022
19094 19152
19212 19267
19351 19488
19580 19735
19823 19881
19950 20014
20164 20190
20313 20389
20466 20546
20641 20733
20830 20897
20958 21176
21337 21415
21478 21536
21688 21754
21823 21858
21925 21984
22029 22104
22128 22180
22262 22333
22416 22463
22666 22727
22803 22870
22966 23082
