211 306
375 1052
1070 1189
1201 1675
1759 1800
1870 2545
2607 2696
2759 3090
3166 3230
3305 3835
3902 3952
4006 4093
4175 4685
4767 4846
4930 4995
5183 5226
5271 5564
5588 5654
5720 5793
5877 5939
6012 6089
6170 6654
6713 6759
6881 6979
7288 7469
7537 7568
7652 7726
7806 7904
8259 8310
8403 8447
8505 8581
8652 8742
8764 8857
9451 9523
10012 10082
10173 10259
10730 10801
10885 10961
11050 11369
11428 11496
11896 11947
12007 12068
12148 12212
12291 12562
12579 12634
12701 12762
12833 12911
12996 13071
13142 13213
13280 13357
13467 13540
