175 253
338 491
578 685
769 845
960 1006
1019 1059
1151 1292
1427 1580
1696 1798
1883 2044
2124 2158
2250 2358
2476 2534
2757 2848
2933 3007
3081 3147
3211 3303
3353 3496
3620 3745
3821 3892
3956 4125
4177 4238
4325 4421
4537 4647
4712 4839
4896 4974
5043 5099
5237 5271
5363 5441
5536 5588
5673 5726
5771 5826
5901 5949
5999 6038
6110 6180
6287 6342
6400 6438
6498 6547
6607 6647
6747 6849
6928 6960
7019 7073
7120 7256
7320 7359
7420 7483
7537 7725
7782 7914
7974 7995
8042 8118
8196 8254
8317 8403
8471 8495
8564 8652
8708 8843
8875 9030
9094 9159
9215 9288
9516 9610
9654 9690
9740 9799
9837 9968
10040 10072
10120 10150
10200 10251
10518 10616
10699 10789
10894 11009
