93 175
253 338
476 578
685 769
845 960
1006 1019
1057 1151
1291 1427
1571 1696
1798 1883
2039 2124
2158 2250
2358 2476
2532 2757
2848 2933
3007 3081
3147 3218
3303 3353
3496 3620
3745 3821
3892 3956
4024 4098
4125 4177
4238 4325
4419 4537
4626 4712
4838 4895
4974 5043
5099 5240
5270 5363
5441 5537
5589 5771
5825 5901
5949 5999
6038 6110
6180 6287
6342 6400
6438 6500
6547 6607
6647 6747
6849 6928
6960 7120
7169 7320
7359 7420
7483 7537
7725 7782
7914 7974
7995 8042
8118 8196
8254 8317
8391 8471
8495 8564
8652 8708
8838 8875
9027 9094
9159 9217
9288 9516
9610 9654
9690 9740
9799 10040
10072 10120
10150 10518
10616 10699
10789 10894
11005 