135 142
196 244
263 307
349 381
407 433
454 482
524 556
581 598
623 649
689 714
739 766
806 838
868 905
926 962
994 1030
1056 1090
1125 1161
1180 1210
1232 1265
1300 1324
1351 1381
1402 1448
1484 1510
1558 1590
1616 1651
1683 1714
1732 1774
1804 1829
1853 1882
1914 1950
1972 1997
2012 2061
2081 2115
2138 2161
2210 2240
2272 2296
2317 2338
2377 2411
2441 2470
2501 2538
2567 2595
2627 2660
2687 2711
2744 2792
2801 2836
2932 2963
2995 3032
3052 3088
3115 3145
3176 3207
3235 3272
3298 3339
3368 3396
3425 3473
3485 3515
3543 3581
3608 3650
3665 3704
3719 3751
3779 3805
3842 3873
3903 3935
3950 3984
